1010410
1010424
1010459
1010460
1010598
1010621
1010625
1010647
1010652
1010656
1010659
1010665
1010667
1010676
1010682
1010686
1010691
1010693
1010713
1010721
1010744
1010747
1010752
1010757
1010761
1010766
1010767
1010775
1010794
1010819
1010822
1010824
1010846
1010855
1010860
1010861
1010862
1010872
1010888
1010894
1010909
1010911
1010916
1010923
1010929
1010947
1010958
1010959
1010960
1010968
1010977
1010987
1010990
1010994
1010999
1011001
1011014
1011015
1011016
1011017
1011037
1011052
1011054
1011064
1011073
1011075
1011077
1011080
1011082
1011083
1011096
1011101
1011111
1011125
1011160
1011171
1011196
1011229
1011230
1011235
1011238
1011253
1011259
1011290
1011293
1011295
1011307
1011311
1011324
1011325
1011327
1011332
1011333
1011335
1011340
1011343
1011345
1011346
1011366
1011369
1011389
1011393
1011404
1011414
1011417
1011425
1011434
1011462
1011466
1011470
1011481
1011504
1011510
1011516
1011531
1011576
1011583
1011599
1011602
1011604
1011607
1011641
1011642
1011659
1011667
1011674
1011696
1011715
1011764
1011778
1011816
1011822
1011828
1011831
1011844
1011861
1011873
1011880
1011890
1011899
1011905
1011919
1011925
1011932
1011937
1011951
1011983
1012001
1012023
1012032
1012033
1012060
1012065
1012084
1012107
1012110
1012116
1012121
1012144
1012146
1012182
1012190
1012195
1012210
1012212
1012218
1012244
1012250
1012258
1012263
1012267
1012279
1012286
1012287
1012290
1012294
1012295
1012307
1012314
1012315
1012323
1012331
1012341
1012358
1012361
1012379
1012389
1012410
1012418
1012421
1012423
1012442
1012449
1012453
1012456
1012458
1012467
1012470
1012471
1012477
1012544
1012548
1012560
1012566
1012571
1012575
1012578
1012579
1012581
1012595
1012608
1012610
1012611
1012614
1012617
1012619
1012631
1012648
1012649
1012657
1012674
1012687
1012689
1012702
1012707
1012725
1012728
1012733
1012735
1012741
1012745
1012764
1012797
1012843
1012854
1012878
1012883
1012889
1012891
1012893
1012906
1012924
1012926
1012934
1012938
1012948
1012978
1012982
1012988
1012991
1012996
1013003
1013013
1013024
1013034
1013037
1013042
1013050
1013055
1013071
1013072
1013081
1013092
1013095
1013103
1013109
1013111
1013113
1013114
1013117
1013123
1013125
1013127
1013134
1013137
1013138
1013151
1013153
1013155
1013159
1013160
1013161
1013166
1013169
1013170
1013177
1013182
1013184
1013197
1013199
1013203
1013204
1013210
1013220
1013225
1013227
1013229
1013230
1013231
1013238
1013244
1013250
1013255
1013259
1013263
1013272
1013278
1013282
1013287
1013289
1013293
1013297
1013302
1013312
1013313
1013317
1013325
1013333
1013338
1013342
1013344
1013352
1013354
1013358
1013359
1013361
1013368
1013370
1013371
1013372
1013376
1013377
1013378
1013379
1013380
1013385
1013388
1013390
1013393
1013394
1013395
1013406
1013407
1013413
1013415
1013422
1013423
1013431
1013432
1013441
1013445
1013459
1013467
1013468
1013470
1013471
1013475
1013477
1013478
1013482
1013487
1013489
1013499
1013508
1013509
1013511
1013513
1013516
1013520
1013530
1013533
1013552
1013556
1013569
1013570
1013577
1013578
1013579
1013583
1013584
1013585
1013588
1013590
1013591
1013595
1013598
1013614
1013615
1013620
1013621
1013624
1013625
1013626
1013631
1013634
1013635
1013636
1013648
1013660
1013661
1013662
1013663
1013664
1013666
1013668
1013670
1013671
1013675
1013678
1013683
1013690
1013697
1013699
1013705
1013715
1013716
1013717
1013724
1013729
1013744
1013746
1013747
1013752
1013759
1013767
1013776
1013783
1013794
1013806
1013814
1013833
1013835
1013840
1013855
1013867
1013872
1013879
1013882
1013885
1013887
1013894
1013897
1013898
1013901
1013907
1013908
1013912
1013915
1013917
1013918
1013935
1013942
1013951
1013967
1013969
1013970
1013973
1013981
1013982
1013985
1013986
1013989
1013990
1013992
1013995
1014000
1014001
1014002
1014003
1014005
1014007
1014008
1014011
1014012
1014013
1014014
1014018
1014019
1014021
1014022
1014026
1014028
1014030
1014031
1014032
1014043
1014045
1014047
1014049
1014051
1014057
1014058
1014064
1014065
1014067
1014069
1014070
1014071
1014077
1014079
1014081
1014090
1014091
1014092
1014094
1014095
1014096
1014097
1014102
1014104
1014107
1014109
1014110
1014111
1014113
1014116
1014118
1014119
1014121
1014122
1014126
1014131
1014132
1014134
1014135
1014137
1014141
1014144
1014148
1014150
1014152
1014156
1014157
1014159
1014162
1014163
1014166
1014168
1014169
1014170
1014173
1014175
1014178
1014183
1014193
1014194
1014197
1014200
1014203
1014205
1014209
1014215
1014220
1014225
1014228
1014229
1014231
1014234
1014238
1014248
1014252
1014255
1014258
1014259
1014261
1014264
1014266
1014270
1014281
1014285
1014290
1014300
1014314
1014315
1014317
1014324
1014327
1014329
1014335
1014345
1014346
1014349
1014360
1014366
1014376
1014378
1014382
1014385
1014389
1014395
1014396
1014414
1014417
1014419
1014421
1014425
1014427
1014428
1014437
1014441
1014444
1014446
1014452
1014454
1014458
1014472
1014474
1014477
1014480
1014482
1014495
1014508
1014509
1014511
1014538
1014546
1014555
1014569
1014623
1014638
1014640
1014654
1014658
1014661
1014686
1014705
1014709
1014735
1014737
1014739
1014749
1014753
1014778
1014780
1014782
1014784
1014799
1014806
1014810
1014823
1014839
1014841
1014844
1014845
1014851
1014855
1014859
1014864
1014878
1014880
1014889
1014901
1014903
1014906
1014909
1014925
1014930
1014938
1014942
1014955
1014960
1014963
1014973
1014979
1014983
1014985
1014990
1015022
1015025
1015032
1015033
1015037
1015038
1015039
1015046
1015049
1015055
1015060
1015061
1015063
1015064
1015067
1015072
1015092
1015095
1015113
1015122
1015127
1015132
1015144
1015145
1015171
1015185
1015198
1015204
1015205
1015206
1015246
1015256
1015260
1015266
1015268
1015271
1015272
1015299
1015303
1015311
1015321
1015324
1015332
1015354
1015361
1015370
1015372
1015379
1015392
1015413
1015432
1015435
1015442
1015447
1015453
1015461
1015498
1015500
1015534
1015536
1015544
1015570
1015571
1015578
1015580
1015591
1015592
1015593
1015595
1015612
1015615
1015616
1015625
1015636
1015637
1015638
1015640
1015648
1015657
1015661
1015663
1015669
1015671
1015696
1015736
1015739
1015749
1015752
1015760
1015778
1015841
1015883
1015891
1015895
1015907
1015976
1015998
1016005
1016018
1016046
1016054
1016069
1016104
1016105
1016115
1016127
1016186
1016191
1016219
1016264
1016265
1016292
1016300
1016317
1016321
1016333
1016342
1016345
1016364
1016374
1016398
1016405
1016426
1016433
1016439
1016453
1016460
1016465
1016470
1016489
1016490
1016491
1016496
1016497
1016523
1016528
1016539
1016557
1016561
1016577
1016600
1016601
1016602
1016651
1016653
1016681
1016714
1016731
1016732
1016745
1016749
1016750
1016761
1016771
1016783
1016786
1016791
1016793
1016797
1016801
1016807
1016809
1016832
1016842
1016846
1016848
1016864
1016871
1016881
1016885
1016895
1016903
1016909
1016923
1016933
1016935
1016945
1016947
1016949
1016959
1016963
1016973
1016977
1016984
1016996
1016999
1017007
1017023
1017024
1017036
1017050
1017052
1017059
1017062
1017064
1017066
1017078
1017085
1017090
1017092
1017094
1017095
1017097
1017101
1017106
1017108
1017112
1017119
1017122
1017124
1017139
1017141
1017145
1017146
1017149
1017156
1017171
1017172
1017173
1017182
1017183
1017188
1017193
1017203
1017204
1017206
1017208
1017213
1017216
1017225
1017235
1017237
1017239
1017240
1017241
1017243
1017246
1017249
1017256
1017261
1017268
1017269
1017270
1017273
1017276
1017280
1017290
1017296
1017299
1017302
1017311
1017323
1017328
1017331
1017334
1017336
1017346
1017355
1017360
1017369
1017379
1017382
1017387
1017389
1017392
1017402
1017413
1017416
1017417
1017418
1017425
1017446
1017460
1017471
1017493
1017497
1017519
1017524
1017528
1017546
1017551
1017561
1017574
1017579
1017587
1017633
1017634
1017635
1017645
1017650
1017679
1017682
1017683
1017685
1017688
1017692
1017695
1017698
1017719
1017729
1017732
1017733
1017743
1017748
1017768
1017769
1017776
1017783
1017786
1017789
1017796
1017799
1017808
1017811
1017833
1017841
1017844
1017849
1017852
1017856
1017860
1017863
1017872
1017884
1017892
1017897
1017901
1017905
1017909
1017911
1017915
1017916
1017918
1017923
1017924
1017941
1017945
1017955
1017956
1017959
1017965
1017966
1017973
1017974
1017993
1017997
1018012
1018013
1018036
1018047
1018055
1018056
1018062
1018077
1018088
1018096
1018104
1018116
1018117
1018135
1018139
1018141
1018177
1018181
1018185
1018199
1018213
1018234
1018264
1018277
1018282
1018293
1018301
1018325
1018339
1018381
1018421
1018433
1018454
1018456
1018496
1018508
1018531
1018533
1018569
1018573
1018589
1018590
1018599
1018606
1018663
1018698
1018709
1018732
1018733
1018749
1018772
1018786
1018801
1018838
1018854
1018860
1018872
1018874
1018943
1018997
1019010
1019060
1019090
1019094
1019118
1019132
1019143
1019173
1019229
1019237
1019245
1019286
1019344
1019368
1019387
1019414
1019416
1019418
1019432
1019460
1019689
1019697
1019717
1019734
1019737
1019809
1019861
1019872
1019904
1019913
1019933
1019943
1019956
1019959
1019961
1019970
1020015
1020028
1020035
1020095
1020115
1020130
1020131
1020162
1020163
1020171
1020218
1020221
1020251
1020259
1020269
1020306
1020316
1020318
1020327
1020332
1020337
1020341
1020343
1020345
1020349
1020353
1020382
1020400
1020401
1020416
1020421
1020450
1020473
1020474
1020483
1020487
1020498
1020502
1020529
1020534
1020543
1020549
1020580
1020585
1020590
1020591
1020606
1020609
1020613
1020629
1020630
1020642
1020648
1020671
1020677
1020682
1020689
1020704
1020707
1020733
1020739
1020744
1020779
1020780
1020781
1020795
1020803
1020814
1020827
1020829
1020830
1020833
1020834
1020841
1020847
1020850
1020855
1020856
1020867
1020869
1020881
1020891
1020892
1020895
1020896
1020898
1020900
1020909
1020912
1020918
1020919
1020931
1020932
1020934
1020937
1020938
1020941
1020943
1020948
1020951
1020953
1020957
1020971
1020972
1020976
1020987
1020996
1021015
1021024
1021025
1021046
1021069
1021071
1021081
1021082
1021083
1021089
1021097
1021114
1021115
1021120
1021121
1021124
1021135
1021137
1021156
1021202
1021253
1021267
1021277
1021742
1021834
1021906
1021946
1021984
1022000
1022032
1022082
1022255
1022261
1022316
1022334
1022342
1022347
1022364
1022376
1022416
1022445
1022463
1022518
1022542
1022569
1022601
1022604
1022616
1022634
1022640
1022669
1022733
1022740
1022779
1022794
1022826
1022833
1022875
1022876
1022893
1022897
1022917
1022919
1022927
1022932
1022943
1022950
1022952
1022968
1022977
1022981
1023006
1023014
1023021
1023033
1023038
1023040
1023056
1023071
1023098
1023112
1023116
1023145
1023149
1023153
1023157
1023167
1023187
1023191
1023195
1023202
1023214
1023244
1023248
1023252
1023256
1023259
1023281
1023282
1023289
1023301
1023340
1023375
1023378
1023413
1023415
1023421
1023434
1023436
1023440
1023458
1023463
1023474
1023478
1023480
1023494
1023521
1023543
1023546
1023602
1023603
1023626
1023630
1023647
1023661
1023666
1023671
1023688
1023692
1023709
1023727
1023753
1023758
1023776
1023784
1023864
1023866
1023872
1023888
1023906
1023923
1023938
1023940
1023944
1023976
1023977
1023981
1023995
1024005
1024023
1024038
1024040
1024046
1024077
1024081
1024095
1024123
1024129
1024142
1024159
1024162
1024166
1024173
1024179
1024192
1024197
1024210
1024217
1024233
1024245
1024248
1024251
1024252
1024293
1024301
1024309
1024314
1024327
1024353
1024360
1024368
1024397
1024403
1024411
1024426
1024427
1024453
1024457
1024460
1024464
1024465
1024487
1024494
1024513
1024546
1024567
1024602
1024613
1024633
1024639
1024653
1024657
1024688
1024696
1024698
1024711
1024720
1024727
1024738
1024746
1024747
1024786
1024873
1024886
1024893
1024903
1024909
1024917
1024918
1024955
1024970
1024972
1024974
1024982
1024989
1024992
1024994
1024999
1025005
1025007
1025009
1025017
1025027
1025029
1025034
1025056
1025060
1025068
1025116
1025121
1025151
1025153
1025176
1025183
1025185
1025209
1025219
1025221
1025236
1025239
1025244
1025251
1025253
1025277
1025287
1025296
1025303
1025304
1025317
1025324
1025335
1025339
1025347
1025351
1025353
1025366
1025373
1025388
1025396
1025398
1025404
1025409
1025432
1025468
1025473
1025541
1025552
1025559
1025564
1025571
1025575
1025585
1025587
1025589
1025597
1025619
1025647
1025715
1025733
1025757
1025818
1025823
1025933
1025972
1025992
1026000
1026037
1026041
1026052
1026053
1026058
1026059
1026064
1026067
1026069
1026074
1026098
1026100
1026110
1026127
1026135
1026138
1026154
1026156
1026169
1026182
1026186
1026190
1026192
1026195
1026199
1026200
1026223
1026227
1026238
1026252
1026256
1026260
1026262
1026276
1026279
1026287
1026303
1026304
1026310
1026320
1026333
1026335
1026337
1026339
1026342
1026355
1026359
1026360
1026371
1026372
1026374
1026375
1026380
1026405
1026419
1026428
1026429
1026436
1026450
1026517
1026578
1026579
1026580
1026581
1026601
1026606
1026621
1026633
1026670
1026672
1026702
1026767
1026886
1026890
1026900
1026905
1026908
1026929
1026951
1026973
1027002
1027034
1027065
1027076
1027110
1027122
1027125
1027156
1027172
1027186
1027192
1027194
1027203
1027225
1027251
1027262
1027265
1027269
1027306
1027349
1027357
1027361
1027414
1027428
1027433
1027434
1027435
1027442
1027485
1027513
1027545
1027552
1027559
1027568
1027572
1027581
1027586
1027588
1027590
1027591
1027595
1027596
1027603
1027623
1027632
1027640
1027648
1027653
1027663
1027668
1027676
1027696
1027707
1027724
1027805
1027806
1027828
1027829
1027841
1027849
1027870
1027871
1027878
1027883
1027891
1027922
1027928
1027965
1027968
1028047
1028060
1028063
1028066
1028081
1028088
1028158
1028164
1028459
1028592
1028716
1028745
1028759
1028768
1028989
1029068
1029075
1029196
1029294
1029302
1029365
1029435
1029456
1029469
1029484
1029510
1029570
1029594
1029604
1029615
1029616
1029632
1029645
1029656
1029665
1029677
1029700
1029797
1029903
1029933
1029943
1029966
1029982
1029990
1029993
1029996
1030018
1030061
1030081
1030099
1030112
1030124
1030159
1030203
1030227
1030259
1030266
1030283
1030308
1030313
1030334
1030369
1030370
1030375
1030388
1030413
1030424
1030436
1030448
1030459
1030462
1030476
1030478
1030482
1030493
1030501
1030508
1030509
1030514
1030527
1030530
1030535
1030539
1030544
1030546
1030549
1030556
1030566
1030585
1030594
1030605
1030629
1030632
1030675
1030745
1030753
1030806
1030822
1030912
1030965
1031033
1031055
1031068
1031069
1031070
1031078
1031102
1031126
1031129
1031135
1031144
1031145
1031147
1031148
1031160
1031164
1031182
1031193
1031245
1031260
1031269
1031278
1031284
1031297
1031299
1031406
1031416
1031420
1031514
1031528
1031604
1031617
1031648
1031676
1031680
1031746
1031768
1031788
1031797
1031798
1031814
1031825
1031855
1031858
1031865
1031872
1031901
1031917
1031927
1031930
1031963
1031966
1032012
1032016
1032071
1032099
1032137
1032142
1032238
1032249
1032292
1032407
1032421
1032422
1032430
1032441
1032472
1032495
1032511
1032531
1032535
1032575
1032578
1032579
1032598
1032614
1032627
1032640
1032643
1032644
1032660
1032730
1032742
1032756
1032759
1032785
1032789
1032793
1032824
1032868
1032930
1032939
1032947
1032972
1032997
1033006
1033007
1033010
1033021
1033028
1033041
1033042
1033047
1033070
1033073
1033076
1033087
1033090
1033092
1033094
1033098
1033108
1033113
1033137
1033154
1033157
1033159
1033161
1033174
1033177
1033180
1033216
1033254
1033271
1033274
1033286
1033287
1033290
1033370
1033377
1033378
1033387
1033393
1033404
1033405
1033411
1033428
1033430
1033435
1033440
1033445
1033451
1033462
1033463
1033469
1033476
1033488
1033489
1033499
1033509
1033525
1033538
1033546
1033550
1033555
1033560
1033579
1033582
1033583
1033594
1033603
1033609
1033610
1033612
1033618
1033636
1033637
1033638
1033657
1033666
1033671
1033694
1033697
1033702
1033711
1033712
1033717
1033718
1033723
1033724
1033732
1033741
1033744
1033751
1033756
1033757
1033771
1033774
1033804
1033805
1033807
1033812
1033839
1033840
1033841
1033846
1033850
1033853
1033856
1033869
1033875
1033885
1033893
1033907
1033910
1033919
1033931
1033946
1033952
1033976
1033994
1033997
1034009
1034012
1034019
1034020
1034045
1034046
1034082
1034091
1034096
1034097
1034112
1034128
1034139
1034149
1034152
1034157
1034179
1034180
1034185
1034186
1034192
1034194
1034202
1034210
1034221
1034233
1034239
1034244
1034252
1034253
1034254
1034257
1034259
1034279
1034291
1034304
1034307
1034316
1034331
1034333
1034334
1034344
1034350
1034356
1034369
1034373
1034381
1034384
1034396
1034405
1034415
1034427
1034437
1034446
1034456
1034462
1034467
1034468
1034480
1034493
1034495
1034504
1034509
1034522
1034523
1034531
1034536
1034538
1034547
1034555
1034576
1034589
1034603
1034607
1034628
1034649
1034673
1034682
1034701
1034725
1034730
1034736
1034739
1034743
1034747
1034751
1034760
1034776
1034792
1034807
1034809
1034815
1034821
1034825
1034827
1034873
1034885
1034918
1034920
1034950
1034955
1034977
1035008
1035024
1035051
1035060
1035075
1035091
1035092
1035103
1035109
1035110
1035134
1035142
1035155
1035172
1035186
1035222
1035228
1035238
1035244
1035274
1035320
1035329
1035330
1035336
1035339
1035354
1035367
1035373
1035385
1035390
1035398
1035407
1035411
1035419
1035424
1035430
1035433
1035436
1035446
1035447
1035458
1035471
1035483
1035499
1035511
1035517
1035560
1035574
1035578
1035589
1035612
1035629
1035634
1035654
1035664
1035688
1035691
1035712
1035722
1035740
1035744
1035748
1035751
1035818
1035825
1035837
1035858
1035863
1035885
1035889
1035902
1035920
1035941
1035946
1035958
1035977
1036023
1036048
1036077
1036105
1036111
1036131
1036133
1036145
1036148
1036181
1036185
1036198
1036216
1036221
1036223
1036230
1036232
1036233
1036237
1036250
1036269
1036287
1036289
1036304
1036323
1036332
1036338
1036341
1036359
1036365
1036371
1036392
1036410
1036412
1036425
1036435
1036439
1036453
1036454
1036459
1036479
1036482
1036483
1036487
1036490
1036492
1036509
1036512
1036523
1036524
1036526
1036552
1036553
1036575
1036579
1036582
1036593
1036596
1036608
1036616
1036628
1036650
1036661
1036662
1036673
1036677
1036681
1036692
1036703
1036714
1036722
1036724
1036726
1036736
1036746
1036747
1036751
1036757
1036766
1036780
1036787
1036791
1036794
1036799
1036817
1036822
1036823
1036837
1036850
1036852
1036869
1036889
1036901
1036903
1036915
1036916
1036920
1036928
1036938
1036946
1036947
1036948
1036952
1036964
1036966
1036967
1036968
1036969
1036972
1036981
1036983
1036988
1036994
1036998
1037000
1037001
1037008
1037014
1037016
1037026
1037032
1037046
1037055
1037057
1037063
1037083
1037102
1037106
1037141
1037179
1037183
1037188
1037192
1037202
1037213
1037215
1037226
1037229
1037234
1037235
1037236
1037238
1037240
1037241
1037248
1037262
1037263
1037275
1037276
1037279
1037284
1037285
1037289
1037290
1037291
1037302
1037313
1037357
1037359
1037366
1037371
1037402
1037404
1037408
1037411
1037413
1037416
1037420
1037432
1037452
1037454
1037456
1037458
1037462
1037469
1037481
1037487
1037492
1037504
1037507
1037508
1037509
1037526
1037536
1037538
1037552
1037587
1037601
1037616
1037636
1037655
1037692
1037693
1037718
1037720
1037740
1037750
1037756
1037775
1037782
1037792
1037795
1037797
1037805
1037828
1037837
1037849
1037866
1037870
1037871
1037876
1037885
1037891
1037898
1037903
1037925
1037950
1037952
1037976
1037985
1037988
1037990
1037998
1038002
1038016
1038017
1038019
1038024
1038031
1038033
1038038
1038039
1038045
1038048
1038055
1038056
1038062
1038070
1038087
1038093
1038100
1038103
1038119
1038139
1038157
1038167
1038171
1038177
1038179
1038181
1038200
1038206
1038236
1038240
1038244
1038246
1038247
1038252
1038253
1038263
1038264
1038268
1038275
1038282
1038284
1038287
1038290
1038296
1038297
1038307
1038312
1038317
1038318
1038327
1038328
1038329
1038330
1038333
1038339
1038343
1038346
1038354
1038356
1038358
1038365
1038366
1038378
1038384
1038410
1038428
1038433
1038436
1038437
1038455
1038457
1038480
1038486
1038489
1038517
1038519
1038522
1038546
1038547
1038556
1038566
1038572
1038575
1038579
1038587
1038596
1038608
1038612
1038621
1038622
1038640
1038661
1038690
1038727
1038745
1038747
1038754
1038772
1038775
1038776
1038777
1038779
1038782
1038787
1038799
1038804
1038810
1038813
1038834
1038838
1038854
1038856
1038863
1038864
1038868
1038869
1038875
1038889
1038893
1038905
1038916
1038923
1038926
1038943
1038945
1038952
1038954
1038958
1038960
1038962
1038969
1038975
1038986
1038990
1038992
1039005
1039015
1039030
1039036
1039039
1039047
1039049
1039055
1039067
1039084
1039087
1039096
1039109
1039127
1039143
1039148
1039159
1039164
1039169
1039173
1039178
1039193
1039200
1039207
1039208
1039209
1039224
1039228
1039240
1039241
1039244
1039258
1039263
1039264
1039297
1039311
1039328
1039362
1039364
1039365
1039381
1039393
1039420
1039441
1039474
1039476
1039482
1039488
1039492
1039501
1039504
1039512
1039516
1039523
1039532
1039544
1039546
1039559
1039561
1039568
1039572
1039573
1039575
1039580
1039585
1039603
1039606
1039621
1039646
1039651
1039653
1039657
1039661
1039673
1039682
1039685
1039704
1039715
1039726
1039729
1039737
1039755
1039764
1039768
1039772
1039780
1039790
1039804
1039812
1039819
1039828
1039844
1039850
1039851
1039853
1039865
1039868
1039881
1039883
1039884
1039886
1039901
1039902
1039903
1039913
1039914
1039915
1039918
1039922
1039924
1039928
1039932
1039934
1039935
1039948
1039965
1039970
1039972
1039980
1039981
1039983
1039986
1039987
1039990
1039993
1039996
1040001
1040006
1040018
1040020
1040033
1040034
1040038
1040041
1040042
1040043
1040045
1040047
1040055
1040060
1040074
1040078
1040091
1040092
1040096
1040114
1040124
1040127
1040137
1040156
1040157
1040159
1040164
1040165
1040167
1040171
1040175
1040178
1040180
1040181
1040185
1040188
1040191
1040196
1040201
1040204
1040205
1040206
1040208
1040210
1040216
1040222
1040224
1040230
1040240
1040241
1040250
1040251
1040253
1040254
1040258
1040265
1040267
1040269
1040276
1040293
1040294
1040304
1040306
1040308
1040313
1040324
1040337
1040340
1040346
1040364
1040373
1040378
1040388
1040398
1040400
1040417
1040421
1040425
1040432
1040433
1040436
1040448
1040450
1040469
1040472
1040483
1040485
1040489
1040491
1040506
1040512
1040522
1040523
1040525
1040529
1040531
1040536
1040540
1040547
1040549
1040552
1040555
1040562
1040576
1040580
1040587
1040592
1040598
1040603
1040605
1040612
1040617
1040623
1040625
1040626
1040631
1040633
1040640
1040644
1040656
1040662
1040664
1040675
1040679
1040686
1040689
1040702
1040717
1040720
1040723
1040726
1040728
1040731
1040741
1040744
1040746
1040748
1040749
1040751
1040756
1040758
1040760
1040761
1040764
1040765
1040785
1040787
1040789
1040796
1040801
1040802
1040803
1040804
1040806
1040810
1040814
1040815
1040828
1040830
1040831
1040835
1040837
1040843
1040851
1040856
1040883
1040886
1040887
1040910
1040912
1040926
1040927
1040936
1040941
1040943
1040954
1040956
1040961
1040963
1040975
1041011
1041031
1041066
1041079
1041109
1041132
1041135
1041138
1041141
1041149
1041152
1041161
1041169
1041174
1041179
1041184
1041192
1041201
1041216
1041223
1041225
1041226
1041233
1041241
1041243
1041249
1041250
1041254
1041282
1041291
1041294
1041296
1041297
1041302
1041309
1041311
1041328
1041340
1041370
1041371
1041376
1041385
1041405
1041406
1041430
1041431
1041442
1041443
1041499
1041506
1041514
1041516
1041524
1041526
1041533
1041541
1041542
1041547
1041549
1041563
1041570
1041575
1041576
1041590
1041597
1041600
1041628
1041650
1041655
1041656
1041661
1041673
1041680
1041687
1041693
1041729
1041742
1041746
1041747
1041748
1041749
1041752
1041755
1041757
1041759
1041761
1041767
1041770
1041775
1041784
1041792
1041794
1041797
1041798
1041809
1041815
1041818
1041823
1041827
1041828
1041829
1041832
1041836
1041837
1041842
1041846
1041847
1041849
1041863
1041871
1041872
1041876
1041877
1041894
1041898
1041902
1041908
1041909
1041914
1041919
1041926
1041929
1041930
1041939
1041943
1041947
1041949
1041951
1041953
1041959
1041962
1041963
1041964
1041969
1041970
1041971
1041973
1041974
1041978
1041979
1041981
1041982
1041986
1041988
1041991
1041992
1041993
1041995
1041998
1041999
1042004
1042006
1042008
1042016
1042018
1042024
1042025
1042027
1042029
1042032
1042033
1042035
1042038
1042041
1042042
1042043
1042045
1042047
1042057
1042061
1042063
1042065
1042066
1042068
1042075
1042077
1042081
1042087
1042092
1042094
1042097
1042099
1042101
1042104
1042110
1042114
1042120
1042124
1042129
1042132
1042146
1042151
1042163
1042167
1042180
1042181
1042186
1042202
1042207
1042209
1042212
1042219
1042220
1042228
1042234
1042237
1042238
1042240
1042244
1042247
1042254
1042258
1042259
1042261
1042267
1042280
1042286
1042290
1042295
1042300
1042301
1042314
1042315
1042326
1042329
1042334
1042341
1042347
1042349
1042361
1042373
1042379
1042383
1042389
1042390
1042391
1042396
1042397
1042399
1042400
1042402
1042404
1042406
1042407
1042408
1042409
1042412
1042423
1042424
1042426
1042427
1042428
1042429
1042430
1042431
1042436
1042437
1042438
1042439
1042440
1042445
1042447
1042450
1042452
1042454
1042458
1042459
1042460
1042462
1042468
1042472
1042476
1042479
1042482
1042486
1042487
1042495
1042496
1042502
1042508
1042512
1042515
1042517
1042522
1042523
1042526
1042527
1042530
1042533
1042537
1042539
1042544
1042547
1042551
1042558
1042559
1042560
1042562
1042566
1042569
1042574
1042577
1042579
1042580
1042582
1042586
1042587
1042588
1042590
1042593
1042594
1042596
1042601
1042603
1042607
1042621
1042623
1042624
1042626
1042627
1042633
1042634
1042636
1042642
1042644
1042647
1042650
1042652
1042673
1042677
1042735
1042749
1042752
1042758
1042769
1042775
1042841
1042857
1042874
1042893
1042918
1042955
1042956
1042957
1042997
1043009
1043014
1043015
1043026
1043036
1043045
1043052
1043055
1043096
1043107
1043110
1043134
1043136
1043165
1043170
1043183
1043184
1043201
1043211
1043214
1043231
1043235
1043238
1043248
1043280
1043284
1043287
1043320
1043361
1043370
1043393
1043409
1043539
1043541
1043551
1043721
1043746
1043751
1043782
1043783
1043790
1043802
1043823
1043834
1043878
1043887
1043895
1043904
1043910
1043965
1043978
1044005
1044014
1044020
1044022
1044026
1044049
1044050
1044086
1044097
1044098
1044144
1044171
1044178
1044250
1044285
1044289
1044299
1044367
1044370
1044374
1044375
1044382
1044405
1044407
1044408
1044411
1044419
1044484
1044501
1044519
1044545
1044555
1044559
1044581
1044594
1044610
1044616
1044617
1044632
1044666
1044691
1044700
1044715
1044732
1044743
1044752
1044779
1044837
1044857
1044870
1044890
1044899
1044912
1044946
1044949
1044959
1044964
1044968
1044998
1045128
1045151
1045301
1045396
1045405
1045411
1045476
1045507
1045513
1045528
1045539
1045545
1045587
1045603
1045626
1045628
1045642
1045644
1045658
1045670
1045671
1045687
1045701
1045704
1045707
1045729
1045794
1045816
1045856
1045877
1045884
1045900
1045909
1045918
1045922
1045932
1045948
1045954
1045962
1045971
1046004
1046020
1046022
1046033
1046034
1046043
1046048
1046056
1046058
1046062
1046064
1046066
1046070
1046072
1046075
1046077
1046083
1046085
1046093
1046098
1046102
1046106
1046129
1046131
1046140
1046142
1046152
1046163
1046172
1046180
1046185
1046195
1046197
1046210
1046212
1046219
1046221
1046235
1046236
1046238
1046240
1046244
1046251
1046261
1046288
1046290
1046295
1046302
1046304
1046310
1046313
1046327
1046335
1046356
1046371
1046380
1046382
1046395
1046397
1046402
1046410
1046413
1046417
1046420
1046428
1046472
1046480
1046491
1046536
1046638
1046666
1046694
1046707
1046718
1046747
1046756
1046761
1046772
1046837
1046901
1046932
1046985
1047013
1047042
1047066
이벤트 공지
